-0.8154259530391611,-0.2416309167974935,0
-0.6553882891405974,-0.09893766773261653,0
-0.7844806957895962,-0.25935282041640156,0
-0.7234745906754086,-0.22799502354607093,0
-0.637176488270297,-0.2799355062141725,0
-0.6895494217434173,-0.2979364834036372,0
-0.5113228083598015,-0.5032694754365581,0
-0.4782007274350697,-0.21209639211391487,0
-0.6635706939604568,0.08031273142412321,0
-0.5348430519840113,-0.28958171866235555,0
-0.6655306410703652,-0.27125777517169586,0
-0.7484846969978498,-0.2211494879511354,0
-0.7165624130699685,-0.29813997977363227,0
-0.6559436062846276,-0.18376491274117748,0
-0.8178133307626366,-0.2963434341224415,0
-0.6956649374630165,-0.19887154646385738,0
-0.6995951798857674,-0.29937652440799445,0
-0.748298796933607,-0.2793557085046308,0
-0.6635692870157656,-0.21069440662964442,0
-0.6553619603481271,-0.22972087781906902,0
-0.5909151699711234,-0.3822236827861839,0
-0.7408379569061887,-0.18578896316944768,0
-0.8037872743211819,-0.38020532550700414,0
-0.5440914374940519,-0.4060387458016951,0
-0.526166330510548,-0.18157644118075655,0
-0.7191558797819794,-0.30475561995131084,0
-0.8388732687046268,-0.5395290895001676,0
-0.6475748663348517,-0.16578096093804634,0
-0.8012346804235602,-0.30327096464439673,0
-0.4778778070023329,-0.23993381071531922,0
-0.6047693286918829,-0.19353431581418923,0
-0.5487917883965854,-0.37836564219977153,0
-0.7206900960488316,-0.28055428850364206,0
-0.6465333865130574,-0.19744744999242886,0
-0.5488028219025469,-0.19893557513192023,0
-0.6948070858483075,-0.20028166223131724,0
-0.6054471299541337,-0.23754381941421104,0
-0.6619533659911155,-0.20663709011981415,0
-0.7427012266245289,-0.3598596024833059,0
-0.7042448300264792,-0.39928839057669996,0
-0.6939755845791236,-0.36291656182452975,0
-0.6497299061782357,-0.09530309438130916,0
-0.6758530097800629,-0.36152376752947124,0
-0.7253641284707224,-0.16856670861950684,0
-0.6047226627135286,-0.24854154896119499,0
-0.5167109617854618,-0.21309167535667745,0
-0.6887676463718986,-0.37667332929134967,0
-0.5842405909803433,0.03366576108428376,0
-0.6139416783272057,-0.31552925363874285,0
-0.5915824713298095,-0.16019710124133713,0
-0.6166383830325644,-0.35391416816324195,0
-0.9072520213260306,-0.14981471739638474,0
-0.6585517349067913,-0.3839262484695766,0
-0.7300180130584953,-0.19387177585679277,0
-0.7842483535660639,-0.3188774036033639,0
-0.5794426593125859,-0.3201689146510739,0
-0.8291431095008982,-0.23511238255608036,0
-0.5626371304673996,-0.365628558088087,0
-0.650712163580008,-0.29516676864647623,0
-0.7266415134751234,-0.3700549921793968,0
-0.6359634050458707,-0.19691707249221582,0
-0.5559351381815112,-0.16006241750853367,0
-0.9112020325250272,-0.15383715315833796,0
-0.7297671693196811,-0.15697837709895696,0
-0.5681538410190096,-0.4192189968105038,0
-0.6908616867355264,-0.3244494143167326,0
-0.6250128787193786,-0.4156562436084562,0
-0.6663279094845771,-0.2446271051786875,0
-0.7499397923354106,-0.14399102538159148,0
-0.7490672136111289,-0.1945428921130078,0
-0.5901520617187227,-0.28580076259836534,0
-0.6510889532274268,-0.19093762730383773,0
-0.6447635890981722,-0.2103003158808183,0
-0.7578699930395666,-0.09596954010084657,0
-0.5419425973727958,-0.26542676302557716,0
-0.5560032206983255,-0.24880026306211042,0
-0.6273335539258893,-0.15488780499179033,0
-0.6705069702398998,-0.14621445293918195,0
-0.7592047258679551,-0.2924356579921099,0
-0.6207822492898872,-0.2637942829304545,0
-0.49656085280525275,-0.43359343406645046,0
-0.8619021982560917,-0.20121909292202936,0
-0.7358689837706812,-0.4137753799144492,0
-0.6489791009693693,-0.2943311303841871,0
-0.7282065743687639,-0.17306848502621702,0
-0.7524517535047166,-0.2715770544997419,0
-0.6997807998805532,-0.33097783715731877,0
-0.7981536842445418,-0.36188034771037597,0
-0.6535920695248578,-0.22428588520483914,0
-0.684291242920051,-0.178557660492846,0
-0.6011372802507909,-0.25167472672922353,0
-0.7346279852931542,-0.38513105097575484,0
-0.6724893871779272,-0.34119825712698376,0
-0.7347795539440166,-0.45963147343030686,0
-0.5822030702948806,-0.19538405837079956,0
-0.6648930221193997,-0.5783751600920636,0
-0.6289214710602219,-0.2520754445005565,0
-0.6217941753173198,-0.1472010096727872,0
-0.5317836408242779,-0.30753484101094597,0
-0.6119175831996578,-0.3889137189572681,0
-0.6776945035297259,-0.14417425310850113,0
-0.738696131998164,0.06430512608771077,0
-0.6700812353967248,-0.18221404928442225,0
-0.5869430146689976,-0.37020942528747586,0
-0.5950687468229668,-0.3527320820401193,0
-0.7358706002449028,-0.13116797395554178,0
-0.7576404751632975,-0.3415497158613223,0
-0.5702312473084792,-0.17415888028724652,0
-0.6719613848244032,-0.2329992818780547,0
-0.5677390649681806,-0.2065325891109142,0
-0.7000325584684413,-0.1617159847829686,0
-0.6053247526908323,-0.2373610623940294,0
-0.6502676047439344,-0.22037180734014078,0
-0.6002486195145491,-0.2101159233071886,0
-0.4327347824566129,-0.043008359146895575,0
-0.7830329081491183,-0.3495241953417769,0
-0.6841009639986828,-0.30285504494348847,0
-0.5401215184981264,-0.40999921245196935,0
-0.7096435145979713,-0.2909376321690294,0
-0.66603748823566,-0.28943919548365793,0
-0.5260724732518323,-0.16690004309030088,0
-0.5895327592987291,-0.25284373179166814,0
-0.7717896432065567,-0.19786926370683422,0
-0.7527794848675715,-0.2162793897036397,0
-0.5350592245051247,-0.2783903479521997,0
-0.5308979010631196,-0.17401456345375954,0
-0.5793635653523485,-0.3608261861596116,0
-0.5853527314403593,-0.27808576077970976,0
-0.6882228385377613,-0.20065683988938043,0
-0.7318308528932478,-0.3578828646027835,0
-0.625623300110079,-0.2291310376195937,0
-0.6625050669043,-0.2726737375844518,0
-0.6338413306613256,-0.07285100267839484,0
-0.5717266713877018,-0.12682617654505823,0
-0.6538901616282494,-0.2747188807711911,0
-0.7642388441325041,-0.06946152727190924,0
-0.726213662805389,-0.16472578610039618,0
-0.6682219034155285,-0.42228570294248097,0
-0.7686965151985911,-0.39826903880466447,0
-0.6398669497071443,-0.2230558254309559,0
-0.6059485730284638,-0.18886597931789556,0
-0.8106082054725541,-0.14955563559322482,0
-0.9517623282993901,-0.19202477783825078,0
-0.6680929966873501,-0.26557364649698967,0
-0.7129755869196102,-0.36556313294507786,0
-0.6726649197519002,-0.23882419467445962,0
-0.7146007080344048,-0.36824469664863585,0
-0.5333111276724667,-0.2630283569596647,0
-0.6968664612075854,-0.23955287663611544,0
-0.757275719233561,-0.2641135226275956,0
-0.6436490997046218,-0.22854503511378355,0
-0.7040235814400211,-0.23996083872248597,0
-0.6214598071810502,-0.40157052129395365,0
-0.7109320006000728,-0.1851342413376287,0
-0.8573403761205474,-0.2035285324200429,0
-0.7240834644716676,-0.2743274761384902,0
-0.7798286397861773,-0.15583740366382046,0
-0.661526788899874,-0.2682397537660288,0
-0.7151221816490386,-0.3344692577241221,0
-0.6263181384918232,-0.263939982012863,0
-0.5574640498949044,-0.29643374563719843,0
-0.7116735902563622,-0.17169119686152723,0
-0.5931558024995817,-0.16821281899773588,0
-0.44771765666583907,-0.19846532578972825,0
-0.8203120371549704,-0.31454938412968336,0
-0.7300559453966534,-0.27142136616199825,0
-0.8502577140611175,-0.21927764787036938,0
-0.6727272953756058,-0.15135499798362229,0
-0.6129201091235634,-0.3476345045767513,0
-0.6147721011082901,-0.207450040713824,0
-0.6538459841465233,-0.2714760321458586,0
-0.6587547114736645,-0.25221517307390245,0
-0.6978466703990793,-0.19050482916961173,0
-0.6338369586816905,-0.133248953960529,0
-0.6939004187355019,-0.34129615484203835,0
-0.6931926087347706,-0.258660165421994,0
-0.7324606245560579,-0.34890459768456267,0
-0.6452398880480935,-0.22779294211190293,0
-0.7077178236900381,-0.3149250373542291,0
-0.749222655402378,-0.2861446935961862,0
-0.5723394441114299,-0.21112010712578821,0
-0.8038768371323394,-0.11950376196973267,0
-0.8126852492148156,-0.1626209799829308,0
-0.6089807511429607,-0.20085132554741786,0
-0.5970713600378409,-0.34347532799383607,0
-0.7120438582590615,-0.2375704543391077,0
-0.6183758203341518,-0.23203441532720273,0
-0.7536614688724629,-0.3190965833563232,0
-0.6904490477643419,-0.37217294255661854,0
-0.7364605257252494,-0.16793531720215762,0
-0.698335136043875,-0.307276103936435,0
-0.7499864404819182,-0.2315484036277337,0
-0.6992606725225277,-0.2552554722986947,0
-0.7891437420155936,-0.28244686775983147,0
-0.5585272277054012,-0.268051368447929,0
-0.5746118160400666,-0.34656263282838434,0
-0.8356334105022011,-0.551413048599461,0
-0.6604478403168471,-0.25162880097417945,0
-0.645339614347201,-0.04639383860872365,0
-0.9180642185853332,-0.041711741115425555,0
-0.6654409394976719,-0.35067137228411766,0
-0.5166836184547813,-0.314732812146951,0
-0.6911876796807518,-0.18582222407746082,0
-0.7115156412662227,-0.11029425589773811,0
-0.6926689287676082,-0.2502865918889424,0
-0.8748177179604617,-0.39969291960439746,0
-0.8508063360959494,-0.09348286532342595,0
-0.724835618634573,-0.342404868997658,0
-0.5544400813211777,-0.31281086108311995,0
-0.7764604273127912,-0.3176744524869783,0
-0.8145608618472608,-0.2299942071371666,0
-0.7621983270571238,-0.17635046553982858,0
-0.7489838636539395,-0.3283588204612679,0
-0.7130177738864505,-0.21649710253607043,0
-0.487916853823981,-0.19822250723410034,0
-0.8213617442976275,-0.2093066351572896,0
-0.8757237322684372,-0.37110294710783187,0
-0.7560008785838007,-0.33761788261831105,0
-0.6748883558923977,-0.27807014142135067,0
-0.5737184690531202,-0.32906260509185814,0
-0.6284623281060968,-0.2119071855420861,0
-0.7260239361744181,-0.24616710637447065,0
-0.611552340580921,-0.30535500801587045,0
-0.9008917272701588,-0.22903679637684043,0
-0.6850528249099881,0.03014199764356368,0
-0.7714098501459736,-0.03926026974806737,0
-0.7146901526661306,-0.11246067583234956,0
-0.6490105124745691,-0.11256284749361062,0
-0.602626284057167,-0.2602930230931834,0
-0.6168639310195954,-0.33099493653622786,0
-0.6306582732759248,-0.2156557318700098,0
-0.6789965336631032,-0.2419208267514718,0
-0.7905545611109777,-0.3897909648641268,0
-0.6759807218763053,-0.1880730745709621,0
-0.7016706104550332,-0.21089200618341303,0
-0.7484087701225733,-0.24097339002444768,0
-0.5325540185557098,-0.2182784458016872,0
-0.7732442543152792,-0.2064981495041824,0
-0.6181425135322347,-0.1497718156354833,0
-0.5740770284567718,-0.3661736186957987,0
-0.6389416785236441,-0.16555378217233135,0
-0.5789461736354262,-0.3622980615268804,0
-0.5571249114861135,-0.3324670461321934,0
-0.60328425368234,-0.37031137566222727,0
-0.8408920877002087,-0.3269294199522086,0
-0.7251830619082931,-0.13983933119096165,0
-0.6231601186702518,-0.15562207999717192,0
-0.7636108750170729,-0.22876587095672274,0
-0.5260862870309244,-0.2895702967882038,0
-0.7190935528795409,-0.1352492204293781,0
-0.8841700563565822,-0.4217613714392986,0
-0.5422289816461427,-0.29875988864099556,0
-0.44319259870850336,-0.17625543217070822,0
-0.5151186215150211,-0.20330461169677533,0
-0.6869901409516179,-0.16167379869425696,0
-0.5042358604392613,-0.4039894106267131,0
-0.729956165292151,-0.33120004379443846,0
-0.5401364897301839,-0.06352613104361404,0
-0.7589446508330465,-0.2577939439345852,0
-0.6542945196250374,-0.37447268325453276,0
-0.5371938288680858,-0.06880077143060193,0
-0.6963972692387663,-0.15731588696508225,0
-0.6640973604515483,-0.059781328758682556,0
-0.7384271556124518,-0.2879678497982724,0
-0.7502349362662095,-0.2549095035449786,0
-0.6885130251554568,-0.2925274021170131,0
-0.6300253475347719,-0.1125187339374231,0
-0.7791613095346531,-0.2675866849811123,0
-0.564108737238698,-0.22470668820144668,0
-0.7140943481042052,-0.18138602255186884,0
-0.9286434874866043,-0.22101825514889223,0
-0.6133641006037499,-0.23477555649640808,0
-0.8473393470951033,-0.2778765551972846,0
-0.7602997133606939,-0.2378850520804307,0
-0.7124981337481398,-0.24905671412359978,0
-0.6963010688748822,-0.3448777647228529,0
-0.5324519905148756,-0.06647175180378259,0
-0.6082027589700146,-0.18830441053376618,0
-0.4591122846776544,-0.21146905662021936,0
-0.8290403656092444,-0.41359484610673974,0
-0.5448243406784814,-0.2866114512905751,0
-0.5446930636978656,-0.24604403980560027,0
-0.6108037860831076,-0.2727920968440455,0
-0.7955278471358135,-0.3574028231752579,0
-0.7628101790120863,-0.35149578595068165,0
-0.5449060164250852,-0.22415509032441908,0
-0.6529705217904711,-0.3418362516139552,0
-0.6070247524445403,-0.3453357203684567,0
-0.7334991386689497,-0.23458151269256708,0
-0.7534803418523581,-0.15160778552058837,0
-0.6900323410506624,-0.2157110475419623,0
-0.504797016060953,-0.2995972342580029,0
-0.6567932035299652,-0.2229470964373354,0
-0.6623996469250302,-0.34035611582066827,0
-0.734906141801116,-0.3547553378996583,0
-0.623871135264399,-0.05277604336051753,0
-0.5895276229563406,-0.26662897157949667,0
-0.732517618442797,-0.2698133774085046,0
-0.5553688389745935,-0.4016444802948648,0
-0.7343698657535798,-0.1949616362390032,0
-0.7590762902437234,-0.13273498122012994,0
-0.6766561317209804,-0.34047087102926094,0
-0.619394089193375,-0.3208748413217445,0
-0.5105284614114896,-0.2999854994387969,0
-0.5713574215170676,-0.3144498055268941,0
-0.8314304158175638,-0.1079576359203788,0
-0.6569153042841175,-0.10488292367143881,0
-0.5645601257635617,-0.22814855875139206,0
-0.753596025640061,-0.2268493317079176,0
-0.7118224968713848,-0.1700889555006721,0
-0.5826944060208443,-0.21495112975289526,0
-0.6509583832321458,-0.2844415931223779,0
-0.7356195305569543,-0.33915601500356024,0
-0.5544632475311293,-0.2993505536835332,0
-0.6927681073422032,-0.05027499317249487,0
-0.7119331441342714,-0.2675698274427312,0
-0.5234706836175692,-0.27878686884182746,0
-0.7745154699827055,-0.09325410466558082,0
-0.7605561706653039,-0.13171744000373942,0
-0.7034620616902216,-0.24276342252053132,0
-0.7412303565619037,-0.4845512477709551,0
-0.6387013505565351,-0.10216830387277018,0
-0.7039607601068023,-0.36088468968024207,0
-0.7699129962985473,-0.39684899241771876,0
-0.5980108918922034,-0.11320468927379948,0
-0.8700745578579965,-0.24893799867996907,0
-0.5462859519739808,-0.1506912673662083,0
-0.7621481328599243,-0.1999348788731205,0
-0.6467711463466904,-0.25699065542361627,0
-0.6031218308479938,-0.2729635595020905,0
-0.5443173913001105,-0.24901687789286264,0
-0.7981515602816754,-0.15087681265585806,0
-0.7733413656156974,-0.2175857576224737,0
-0.5673991613371892,-0.26310818825854204,0
-0.202322991535231,-1.5022585928826946,1
-0.37499685432530927,-1.2933593472710556,1
-0.23465365164627738,-1.412407237663229,1
-0.45150273553167447,-1.512313904482031,1
-0.40074206803344486,-1.4241422194926494,1
-0.25492905821882866,-1.368147771117725,1
-0.3621996398794225,-1.279075777086097,1
-0.43598383191413664,-1.2806303854915235,1
-0.2619510807464286,-1.3300760070926403,1
-0.2715900093510142,-1.2982243493337833,1
-0.2026365110379606,-1.2999746145145448,1
-0.23283512126615374,-1.159978279100169,1
-0.32711409395216573,-1.3780807680921159,1
-0.15426026284838906,-1.331516112054015,1
-0.3683351574204732,-1.3167278151598365,1
-0.3090244903490471,-1.5189286108897395,1
-0.4230845273487026,-1.3123207409003181,1
-0.4118224045950894,-1.091522649970531,1
-0.12124103138783127,-1.4164918497445962,1
-0.2720832818811631,-1.1656549803231708,1
-0.12311311241879386,-1.2719480515722816,1
-0.2819796293640369,-1.3023962446316035,1
-0.3418249845352754,-1.206371273899841,1
-0.4306520037404734,-1.3889035672017633,1
-0.32826645365603574,-1.5169070443204726,1
-0.3134041211805129,-1.3268525620252267,1
-0.29256673875610534,-1.3197835718542825,1
-0.26874698302898964,-1.2249135835514995,1
-0.3137891235518199,-1.5103860573092844,1
-0.3186784586221634,-1.358139192234231,1
-0.3219261949186284,-1.3333180778599103,1
-0.42608330368396274,-1.3008234261775249,1
-0.3425783878562844,-1.3976659525922688,1
-0.02014804722038399,-1.2631522881586792,1
-0.3834629986642077,-1.3402251308706787,1
-0.3087964136369244,-1.2855514627897262,1
-0.3167677974525426,-1.3498152136375619,1
-0.3420697369235869,-1.3839192530074504,1
-0.2250852895053856,-1.5389710310184685,1
-0.17376232917956716,-1.259674826003764,1
-0.29297271375291145,-1.3981031383793867,1
-0.3800349239488625,-1.3907069020980267,1
-0.353197546738075,-1.33178555911088,1
-0.3776325962929219,-1.2436850345678763,1
-0.38674823408202846,-1.3532433061108855,1
-0.28080039856953426,-1.3787583129200236,1
-0.37583609610260843,-1.2353651151590286,1
-0.2755807250851994,-1.2753661735321251,1
-0.2108303177147792,-1.1478632526004653,1
-0.3326301716903513,-1.062277036160894,1
-0.2395483139006364,-1.237427130925302,1
-0.38507034375252935,-1.4711920187047605,1
-0.30273591394267757,-1.301992782374009,1
-0.24160240665693042,-1.341334546941615,1
-0.35892862647565593,-1.311632596201888,1
-0.36952401475364594,-1.3026535420190823,1
-0.2249647638904113,-1.4641147842145112,1
-0.31592821751351474,-1.3523794769124873,1
-0.26193944642898975,-1.4128713772187023,1
-0.16041967758297035,-1.2166447447421345,1
-0.35183927018293887,-1.3159306868327485,1
-0.5027282506895794,-1.4053556611484885,1
-0.3094557355218799,-1.421921470435746,1
-0.1879545530330347,-1.3328732268563237,1
-0.3189564639366034,-1.2985184768777307,1
-0.2844275467408641,-1.5292997282886192,1
-0.4637906643009526,-1.3253396975620306,1
-0.37458931862063066,-1.1832412544189606,1
-0.37587356963280805,-1.41633803099508,1
-0.657143851766175,-1.55591742281634,1
-0.15039629659051212,-1.4803097334407633,1
-0.33240799334391274,-1.3960986509964113,1
-0.3796202996242811,-1.5233087086669481,1
-0.087073104446066,-1.2458181132136334,1
-0.4353719048905304,-1.2979551112305194,1
-0.23978293606703596,-1.4164003713923872,1
-0.2770725570986489,-1.1632256528194636,1
-0.37335341259509214,-1.111653870774774,1
-0.33163519040673817,-1.2396384334837325,1
-0.2823420875318933,-1.1108690177871097,1
-0.34373968751433065,-1.1899680368748282,1
-0.2542504505581705,-1.1984178570872237,1
-0.2794723562774005,-1.1320265756547485,1
-0.11317799866807451,-1.3177752258732414,1
-0.3716225471662876,-1.377409739766725,1
-0.26245784728637267,-1.2640081553715319,1
-0.3391614627040196,-1.3420963009573121,1
-0.4441845229571535,-1.352759981516026,1
-0.1608597936240383,-1.2687192884416185,1
-0.2884956239793854,-1.3570894952743493,1
-0.33689760168847915,-1.3210188399528568,1
-0.3648972419153517,-1.398107952062547,1
-0.27467132287689816,-1.1730359775781272,1
-0.36995786094084215,-1.4412734219977246,1
-0.1355670623274906,-1.4094312901474144,1
-0.3099910494109921,-1.2387214531920985,1
-0.1038124103857643,-1.2869336091521755,1
-0.399871510146116,-1.3450524496111533,1
-0.3359493870392688,-1.3167129881203703,1
-0.3142746444634386,-1.263327290298663,1
-0.35611356098274394,-1.2489959636415193,1
-0.22031160383216145,-1.3130687725629118,1
-0.3038624237764001,-1.3808945445259297,1
-0.29951405055849656,-1.2284086604749915,1
-0.3836384422257498,-1.4297281851212575,1
-0.33200748061124397,-1.3574750448574673,1
-0.35411051913048813,-1.1563519217850646,1
-0.23186624010380102,-1.1280805037820754,1
-0.4176810796977872,-1.341512392086771,1
-0.30284881908735395,-1.3048874750494475,1
-0.11209463893761318,-1.187916939885178,1
-0.2997622655719056,-1.3933943390478047,1
-0.46577192595545136,-1.2371114728497168,1
-0.34273476124941105,-1.3304199062950472,1
-0.36699015086793313,-1.427837106620333,1
-0.27859768784039346,-1.2784650680902236,1
-0.2860419761396717,-1.4572580747773802,1
-0.13287109218972634,-1.378168340355338,1
-0.3309481206192428,-1.46500317942343,1
-0.43458427553349066,-1.2561178160481308,1
-0.45247810165197433,-1.4790942300478613,1
-0.2733601809364883,-1.3836331036222895,1
-0.13426426582582196,-1.3616749082930684,1
-0.2938467532674147,-1.2944827983579215,1
-0.286970974746117,-1.1910740428435282,1
-0.2383569244912938,-1.3602966756157733,1
-0.5736103767947144,-1.4777145582971187,1
-0.3177360850946811,-1.44347778167709,1
-0.23070527513477013,-1.475919568621165,1
-0.4092696212976191,-1.1646868578977572,1
-0.36838502654107175,-1.4663914086465095,1
-0.25794499541845967,-1.4738444371424073,1
-0.4289944124039382,-1.4731192611912018,1
-0.3332578001120382,-1.293159892072589,1
-0.29105577107388636,-1.442986498603537,1
-0.3780195820155428,-1.2864642072431,1
-0.3246628142053375,-1.3997096829332765,1
-0.24015201594911167,-1.181623840442632,1
-0.13766404264769463,-1.3770148489190959,1
-0.30793798713082365,-1.262712144765906,1
-0.23496551463737844,-1.3248510994210323,1
-0.31671610820280577,-1.2398986434721089,1
-0.41429329977112234,-1.3946216155407796,1
-0.21002997915235655,-1.3541286862847786,1
-0.2918483443529491,-1.3210196292916885,1
-0.2626121414703486,-1.4874604610361992,1
-0.4663567718747704,-1.210672552561323,1
-0.12812380558709113,-1.4049117406078577,1
-0.570056101400721,-1.4357365325688651,1
-0.3276181417338565,-1.225611960700176,1
-0.42142043090650066,-1.160573322790209,1
-0.17287509787918873,-1.2708867654708025,1
-0.14487692002391844,-1.240404867260641,1
-0.4335646340261693,-1.249878441725883,1
-0.24150547732178862,-1.3793917779534541,1
-0.3037310951959444,-1.3087907280714988,1
-0.37112975878144605,-1.2710150608164967,1
-0.46194739209317104,-1.358230420925203,1
-0.3478323060024515,-1.2784478592556545,1
-0.3128371658829994,-1.1911604040777306,1
-0.41423274746904887,-1.3176334588852139,1
-0.19195967199096525,-1.2295526622894264,1
-0.34172554867364136,-1.360640040192181,1
-0.3821124068865763,-1.1348388319204874,1
-0.13119407476654157,-1.3945532679148422,1
-0.47462373724793766,-1.3465485994503017,1
-0.35800872938445705,-1.3221294471857663,1
-0.33760830487428356,-1.5039392259095221,1
-0.3351584334365389,-1.3730210691894513,1
-0.21281572750061867,-1.3014969301879302,1
-0.20643014141509866,-1.3008068407050903,1
-0.24959010061209186,-1.3244838069986906,1
-0.46841702381186223,-1.128372051508148,1
-0.3097264565305595,-1.341925871666543,1
-0.30082005357121094,-1.3969620930382218,1
-0.47305169404943415,-1.2493289714772589,1
-0.320236290141681,-1.3907479310998256,1
-0.406680037777381,-1.2564592397751455,1
-0.3497534103263303,-1.151721553384368,1
-0.4363434410805541,-1.3261848642548963,1
-0.1845069218420917,-1.2608284668244591,1
-0.276656514525499,-1.2317246296210387,1
-0.38069964363096453,-1.1944823808321798,1
-0.2586569724522271,-1.353380503729704,1
-0.36419036007195704,-1.128225250050173,1
-0.49125286766488385,-1.2520325717957193,1
-0.23805962898412347,-1.4659099356945449,1
-0.20432229753422324,-1.30117462263149,1
-0.24304051495014614,-1.2447567051116977,1
-0.2476541452388975,-1.3308299369867274,1
-0.32157300902750585,-1.2238596026879327,1
-0.22639349978602208,-1.3208533932813133,1
-0.3088974457236394,-1.4060736422487479,1
-0.33652308670002784,-1.4493909228311184,1
-0.4798366301444367,-1.3672361105247792,1
-0.32927850283235455,-1.2095083947579133,1
-0.24980947412784096,-1.1200162851113937,1
-0.16100816510605667,-1.4071606577560334,1
-0.33256836534449186,-1.0976524057286943,1
-0.4805680880438351,-1.1978198895716337,1
-0.3285316924562626,-1.4989007170928088,1
-0.3030271270415848,-1.2948459313805478,1
-0.30428395181471746,-1.351417911868568,1
-0.3114233079302789,-1.279701599477726,1
-0.18789243915545462,-1.3552602653975239,1
-0.3668277105981215,-1.054167543999354,1
-0.2606208724717702,-1.3944386505593651,1
-0.2347525082959668,-1.4076406129886592,1
-0.21894488976659393,-1.3935784066902792,1
-0.3140175100051892,-1.3246454755443546,1
-0.27452810310474174,-1.3168959671900777,1
-0.3083711154032791,-1.485403793275375,1
-0.15893683215631307,-1.2597067337099919,1
-0.3837367914929045,-1.3918645354725396,1
-0.2955589701338228,-1.2132688993532088,1
-0.21106937045891194,-1.3634594265084417,1
-0.5048851931444622,-1.2669228061114526,1
-0.45674099843674143,-1.3478542747050415,1
-0.20023987375735508,-1.4590896036518264,1
-0.43508593474282564,-1.277894474215004,1
-0.32009705518509446,-1.2462177111040038,1
-0.3071257512554795,-1.3095077675756412,1
-0.3217983549430168,-1.2960428186250026,1
-0.2677198716610563,-1.3276416148049244,1
-0.3557905480962751,-1.2404207205894948,1
-0.4065299699013408,-1.363914597755097,1
-0.28087189797585316,-1.3583430162688084,1
-0.11170539884983685,-1.3700346850740004,1
-0.16588118974291619,-1.3673222301082322,1
-0.3253748624463904,-1.2593760056278656,1
-0.2182103267793037,-1.275617192709375,1
-0.294008383286291,-1.3057201699114935,1
-0.3010251027692716,-1.3472849345509172,1
-0.40962606541033963,-1.3241630206377355,1
-0.2840609789904163,-1.277935107441431,1
-0.35109113843554235,-1.2185940848228478,1
-0.24637146461333997,-1.2584643371522963,1
-0.35309008466976355,-1.2833016526579166,1
-0.42261098549537623,-1.2008596800720253,1
-0.30354558023462813,-1.2434526933320789,1
-0.18334978995043302,-1.3874154512499433,1
-0.31265698370188133,-1.1818140430392992,1
-0.4574431179403645,-1.3628311540526992,1
-0.22236760916331252,-1.3521255248270445,1
-0.2317264861556668,-1.327221493415357,1
-0.21767858606198504,-1.287575001082574,1
-0.1345849471482466,-1.298628245166234,1
-0.37776287802644015,-1.1855909214768914,1
-0.43536133700617685,-1.2298485574822295,1
-0.46234933087007274,-1.4262620953107026,1
-0.3444814472084602,-1.4481743106145137,1
-0.4265961118473952,-1.3209852339590644,1
-0.2978620483109914,-1.3755287883766996,1
-0.36897819610551114,-1.2687003057203279,1
-0.28591457600814607,-1.3342442695299264,1
-0.33135517281461935,-1.2289956521093268,1
-0.34669687554459644,-1.2498938826364179,1
-0.16420720079918408,-1.2921473449338614,1
-0.42542352714598397,-1.3002069540781713,1
-0.3032323266667583,-1.0531270620156714,1
-0.22687097875615553,-1.0876120847039739,1
-0.3164563602147642,-1.3347413460495543,1
-0.1978980340608618,-1.2934951273725241,1
-0.35664311150107153,-1.492795513047323,1
-0.4623596978133183,-1.3278392666952308,1
-0.2641850957704869,-1.2148730944483543,1
-0.2653611016707681,-1.295643717923572,1
-0.30862001388316707,-1.3304234836425384,1
-0.28146130263775077,-1.1288052526944359,1
-0.30650193065344494,-1.5319323358669528,1
-0.3289113686088009,-1.2091033194426464,1
-0.20832616386385697,-1.4747855871308615,1
-0.23525497522760747,-1.2886853416141522,1
-0.21027760151705618,-1.608327063198745,1
-0.43979891957474426,-1.204291290400167,1
-0.4748634909152538,-1.4382520498946767,1
-0.22014060583676548,-1.3101265754043085,1
-0.32425752478366265,-1.3712100194635142,1
-0.162057322716565,-1.2340277483446112,1
-0.37576522335932105,-1.3166916029316373,1
-0.2197412247517344,-1.323773841329778,1
-0.22187577764698374,-1.2428856397953805,1
-0.2707369520953903,-1.3193207674930465,1
-0.340700252770595,-1.2474451909450133,1
-0.28016995539691314,-1.2821564374164032,1
-0.14922052069190525,-1.267175942271802,1
-0.14672858556499557,-1.392174353743877,1
-0.14212639922689935,-1.1206869849312797,1
-0.2762886851407377,-1.3013399785651734,1
-0.3626764197607598,-1.5030593589306607,1
-0.26961444927143846,-1.2455361962321272,1
-0.41149867158038766,-1.5182736889427706,1
-0.28189139974472516,-1.262499541345561,1
-0.3935475286107431,-1.327950503002218,1
-0.31244300985430745,-1.4129228654897825,1
-0.4695207959012113,-1.3305515099545366,1
-0.19517885859448508,-1.461356314928911,1
-0.18079964245516403,-1.402691352970725,1
-0.3723591760582169,-1.47169149260191,1
-0.31786272337889837,-1.3489178168958371,1
-0.3096691458773606,-1.2791358204770937,1
-0.09948697366387227,-1.2988633891937449,1
-0.4387581809523132,-1.4614923153303743,1
-0.1491392987487713,-1.3164726591222446,1
-0.26726759619520957,-1.3377191398510895,1
-0.23870884699868786,-1.2999867540390393,1
-0.2492362894306255,-1.4632018721603668,1
-0.3629508210340679,-1.351790795425157,1
-0.36955121225988863,-1.437913595845915,1
-0.43987212834958833,-1.4612905161098748,1
-0.3989219728897898,-1.2585139937971401,1
-0.09816712574545472,-1.3005327290299713,1
-0.20471512808492937,-1.3316067247091292,1
-0.3368814282261844,-1.335298381900416,1
-0.25863275779217526,-1.4470801531795685,1
-0.23529776523742268,-1.421823646346134,1
-0.21161606468837785,-1.2971468174679603,1
-0.3210413160432146,-1.0405141936814413,1
-0.34466704184549324,-1.3378099448906937,1
-0.2842356059189376,-1.4612701020417358,1
-0.14706319708762552,-1.3144648905498564,1
-0.3180134047326284,-1.2070564004923476,1
-0.3026200976612054,-1.3124553088183926,1
-0.2668996221238376,-1.529649170411275,1
-0.1560907146845983,-1.3791324533218934,1
-0.33027480193807046,-1.5251905050908763,1
-0.3358118793184778,-1.3829284274980542,1
-0.3472509989808004,-1.2685880982018087,1
-0.11357516804545623,-1.2453966845690356,1
-0.5080147547863227,-1.4172605195020258,1
-0.5502044850433766,-1.1971245291092314,1
-0.3381613710042945,-1.2756192106657764,1
-0.14231463771278083,-1.3546978015647893,1
1.226670881376098,-1.2477830189669101,2
1.3454179473755774,-1.2640652838659006,2
1.1624930751437406,-1.2540954587056856,2
1.1246817183009643,-1.3074339608467525,2
1.1550593982577884,-1.1480432394584508,2
1.3435761187662467,-1.2848352398540743,2
1.333579671627529,-1.3278457355029356,2
1.103457490250052,-1.3112848341474663,2
1.192683543436222,-1.2426785734199324,2
1.0319488684535263,-1.3416830610664434,2
1.3207904307829945,-1.2416248879169163,2
1.3756721725897367,-1.1296130202463277,2
1.0671863465943696,-1.1137639079001755,2
1.2609756349625805,-1.1176345937674448,2
0.9898070024760371,-1.3101069789391935,2
1.2366236813881206,-1.2377729472773262,2
0.9215064307783655,-1.203871022838614,2
1.0230233139735678,-1.2218127152923388,2
0.9755926163566195,-1.2692239561923093,2
1.2181509821355987,-0.9411027717140603,2
1.0150367919282233,-1.2354156466426214,2
1.1170695136564304,-1.2930663649242846,2
1.2151926247366793,-1.2274445173865718,2
1.1411283827358676,-1.2407295362103965,2
1.0114050018781642,-1.4171626356569487,2
1.1032049870996903,-1.3500838037238885,2
1.1051386130807435,-1.4366222387139351,2
1.2652396100788283,-1.125536290242207,2
1.0674751748119968,-1.2407219025688982,2
1.2139410462396854,-1.2692819135405289,2
1.0932043757441643,-1.2312115059913638,2
1.1436927985837355,-1.2154173138992483,2
1.2102914983144901,-1.1517442192026117,2
1.2185434178855945,-1.1176278324437696,2
1.1814364722442527,-1.2668692623750426,2
1.0804325543329991,-1.2867356728628145,2
1.175041225668532,-1.2625758171691674,2
1.2927679073981242,-1.1268325718021788,2
1.1571682420981262,-1.216183777823319,2
1.1406253452226955,-1.34482742086377,2
1.2131392862921104,-1.176720949320643,2
1.2879254338703685,-1.2275263435521708,2
1.202264015301303,-1.2084927399094298,2
1.1165943733391717,-1.2280437207727526,2
1.2996664525326984,-1.2274420975213416,2
1.3160545772714833,-1.2459703143487313,2
1.249214430351935,-1.3517378257770596,2
1.1020855900363151,-1.208895732326377,2
1.1202533160564287,-1.3776174088083344,2
1.028331594168575,-1.1967568939307245,2
1.1501188468285781,-1.3502818080855354,2
1.2010985106855334,-1.2050171005914345,2
1.2064575696340902,-1.2208970073626415,2
1.0855413967457177,-1.2384728551243123,2
1.11602073560404,-1.24782019222586,2
1.1404289028220598,-1.1028206163075602,2
1.094713622476819,-1.2709235184257226,2
1.2081371662138036,-1.1421750653323997,2
1.1465209369610172,-1.2812388040443081,2
1.1772602117746214,-1.2223982806541644,2
1.2136234333782718,-1.2069088584801162,2
1.2219023248321197,-1.2784560541645706,2
0.9613610369091862,-1.4251477775720978,2
1.2541487950389465,-1.29709229586858,2
1.2030554976298484,-1.2365932568937914,2
1.2447251015259537,-1.3239844320833443,2
1.1906766975333323,-1.1965406266387244,2
1.222548319849706,-1.0798560685319019,2
1.1866337529829831,-1.2197263150998845,2
0.8629753812052946,-1.1529913555718907,2
1.118011583368921,-1.1947773590550115,2
1.340406487287676,-1.2578896744680894,2
0.9763952601223204,-1.23759460714511,2
1.1085982964524255,-1.3249882316601316,2
1.047342117570923,-1.3798240799912658,2
1.1601531105306548,-1.2622120320884473,2
1.2453477207220995,-0.9248277340189424,2
1.2561459430636568,-1.2236693015188216,2
1.1913569743231809,-1.2339079902435515,2
1.1518175813873088,-1.116322916992456,2
1.286224928377024,-1.2478550223520624,2
1.3268127924491575,-1.3035761493387035,2
1.1435715549148946,-1.4622866497876832,2
0.8926050640301229,-1.3295702282231248,2
1.3717782653596657,-1.2233563199294766,2
0.9438635403192822,-1.244901614613832,2
1.145460394390774,-1.2985012750255955,2
1.05431253585035,-1.1272410420544472,2
1.1698796401200808,-1.3414604635918734,2
1.3150324741894404,-1.211395456872416,2
1.394492744886051,-1.2754208525032218,2
1.0540216289274948,-1.0707783950574934,2
1.170180025305164,-1.2832941580814006,2
1.249424332019738,-1.301072915881711,2
1.1472643152876663,-1.1970436510955518,2
1.2292747811368137,-1.3239062995772248,2
1.1842974851289065,-1.3728524525399413,2
1.1203697983629437,-1.401320965773651,2
1.1287187288776461,-1.3425086734121425,2
1.2246061956786047,-1.0880736437059098,2
1.1831990057700124,-1.2370345996218726,2
1.2527505510196892,-1.357086378298476,2
1.2072463940546638,-1.2646201038654963,2
1.2221476480974258,-1.2145699113685757,2
1.1792329640546997,-1.341729104451681,2
0.9674839520544893,-1.2367724117468348,2
1.1873647400466818,-1.3098335868523905,2
1.1433541461884402,-1.3197366082655213,2
1.2987050685429904,-1.2680189482405584,2
1.023821226874479,-1.2934608822650506,2
1.1992902171943358,-1.2782695076169903,2
1.1484684109350838,-1.350138357614515,2
1.1523095978952378,-1.1611017450331282,2
1.175496347602497,-1.3226260713101368,2
1.1837247567465814,-1.0991390867180937,2
1.0714266963801762,-1.2413367887686126,2
1.3640020652966727,-1.309952960981342,2
1.217165321899658,-1.273950619200371,2
1.151524307279463,-1.2059032171542565,2
1.072306009838544,-1.2300628930798312,2
1.1796011952323848,-1.3369187658817105,2
1.206861564290412,-1.2715987662425747,2
1.2268504398912772,-1.2053836029876823,2
1.0635968753556078,-1.2919703311574124,2
1.26000812330065,-1.3157458722357596,2
1.077692447825737,-1.1996784400985876,2
1.0923584201165542,-1.1000904824074555,2
0.9973522670376914,-1.2732143809108591,2
0.921024538751821,-1.1764391623369492,2
1.0945751813677242,-1.1226104811517983,2
1.3378347864128963,-1.299036241740506,2
1.283509657896148,-1.3565064114584517,2
1.244136727832124,-1.3621102047068003,2
1.1973665334575494,-1.289492061454923,2
1.2859226022158683,-1.2220279972730228,2
1.299497859780088,-1.1139527203296997,2
1.1183917732937663,-1.135849971213549,2
1.187186859304121,-1.2214361084938505,2
1.1849207734605256,-1.255005090283215,2
1.0343348220861015,-1.3962909011507596,2
1.201645037311022,-1.218965933549117,2
1.1602175132845005,-1.17753634666363,2
1.1202705839473708,-1.24706349959925,2
0.9547005455384534,-1.265929000121115,2
1.181908166531348,-1.266979394244802,2
1.1492948772911822,-1.1054061100274304,2
1.0270182571099624,-1.1386911645045161,2
1.1613129732449976,-1.1606679923521215,2
1.1717579596852163,-1.205593673534185,2
1.1955466890370414,-1.033245930544834,2
1.2847861604048705,-1.180098264315708,2
1.2539849792562885,-1.1418242350624361,2
1.1161208923334724,-1.2065270367340266,2
1.1058688227544762,-1.4499980456805823,2
1.1103594111003545,-1.243920705565818,2
1.3591914887517795,-1.2481346697972648,2
1.412472649589355,-1.2631567333595426,2
1.1025368578995862,-1.2211298313009697,2
1.098747490502555,-1.2858425396193351,2
1.1633228648578002,-1.224103008965331,2
1.0416642067371886,-1.0835251260911318,2
1.1380170119686992,-1.3854994544754777,2
1.1323200323901779,-1.1658776056690294,2
1.1409289247775822,-1.2011242587676996,2
1.1773660332908782,-1.2314451355431177,2
1.3260567946481732,-1.3384968046127568,2
1.15752055377289,-1.2108109120751862,2
1.1485272784322078,-1.3496616040143548,2
1.3975649658566143,-1.2184045150340435,2
1.1661136704757276,-1.220243296637534,2
1.0910620865312615,-1.3639776254037563,2
1.1921747543475147,-1.2221538113846095,2
1.2210628197489786,-1.2008309073903838,2
1.0414345709544628,-1.181375282226,2
1.1724968341061923,-1.1365281507784344,2
1.0871505191926916,-1.149554027239215,2
1.1198258142990085,-1.194626199639289,2
1.1765868449408594,-1.2694983721444097,2
1.2152464814288646,-1.2513560271784245,2
1.1077932703884237,-1.2362086648290582,2
1.1748411369372336,-1.2193709230047212,2
1.2009292022216551,-1.2123942536059609,2
1.2205419906934252,-1.3309311034935518,2
1.246810943083635,-1.2770719462273827,2
1.2549699786790764,-1.198920066475138,2
1.230669938539189,-1.2809172710466445,2
1.2031590992023002,-1.2742690660887794,2
1.14042324342145,-1.1408928001713687,2
1.1410731236079523,-1.199416564931557,2
1.1542689119506724,-1.1777443113372523,2
1.1489231417708115,-1.1459382271860092,2
1.1651102525600159,-1.0881261716295696,2
0.9849522931906063,-1.265799693604394,2
1.1905470687235016,-1.1341000082545323,2
1.302541354940935,-1.1405339225212479,2
1.146708237161442,-1.235786983797646,2
1.0219220225680974,-1.4161520162315655,2
1.0966321588158496,-1.23092129573393,2
1.0715291336010508,-1.3719489858430576,2
1.3651626346773413,-1.2366848080073956,2
1.2439724787593431,-1.3028141359965884,2
1.1034909123274577,-1.2333554001673501,2
1.0668925753861294,-1.3564131105667085,2
1.1579374299261063,-1.3366724717459895,2
1.4603454086101522,-1.3321243843364403,2
1.0285799019114097,-1.3926876668207626,2
1.2551098563187533,-1.4211974607962135,2
1.1687369645289956,-1.240523396138535,2
1.1502074019272643,-1.4206604814928092,2
1.2312365261054206,-1.35197164440909,2
1.3793759766644533,-1.4121004951497793,2
1.2790424652372039,-1.2964891134386658,2
1.1624877441582642,-1.3342272370463817,2
1.15585909749208,-1.2824309787644363,2
1.1537193969722066,-1.2159937438581794,2
1.0179975166727049,-1.19505067669308,2
1.2473148487963683,-1.3697508779297172,2
1.1795645193827755,-1.1989154316418007,2
1.3319106346997447,-1.2511423522794602,2
1.189749736898088,-1.286373630175834,2
1.035413260476452,-1.3397658959822636,2
1.2223702998897295,-1.2377782276710558,2
1.1045654103901712,-1.061023051284132,2
1.2322237385569563,-1.1790511591218698,2
1.0961648905492907,-1.329933494021225,2
1.0219030922781547,-1.254854203367169,2
1.1523960497223014,-1.1334050564337026,2
1.149551878899004,-1.3493429717560763,2
1.1852027944266021,-1.219423737430194,2
1.119570717822627,-1.2163996660833385,2
0.949402583656418,-1.274430234696548,2
1.3041638932320676,-1.2531434196453952,2
1.3567398518676943,-1.378744700344296,2
1.2582016440245072,-1.1714152729681213,2
1.112690105536332,-1.283754321746826,2
1.3106284439366682,-1.3402330523307162,2
1.1246680060801562,-1.267568951101035,2
1.077777814856543,-1.2039730747664372,2
1.1763682407175953,-1.3308445627743404,2
1.2955251656661544,-1.2642830182676716,2
1.136207751942813,-1.2476172455756622,2
1.1396142976934096,-1.2518042297952625,2
1.3129829231831,-1.1360680787652155,2
1.1684435054271556,-1.3568341662507357,2
1.2828188584563796,-1.2045748229659279,2
1.070418143061823,-1.1743778027502776,2
1.1791462931257246,-1.212084255822384,2
1.1429991137827975,-1.3857110035884521,2
1.1043342895109274,-1.2696814449056673,2
1.352833302907091,-1.2393694881859367,2
1.2275724857871326,-1.1956811394200282,2
1.1950158764958423,-1.343884680873006,2
1.0616323673201868,-1.2311141765644904,2
1.2646907441174298,-1.3497939935002161,2
1.1043705063996394,-1.2680205987887545,2
1.1213211355739034,-1.2541281899663983,2
1.2448535793482334,-1.37981474244567,2
1.1849115184706043,-1.173777677776712,2
0.9993678483841282,-1.2674647901330172,2
1.1907316931214942,-1.2205760177800873,2
1.2575809467023393,-1.18057439140389,2
1.1786763527062254,-1.217090118481169,2
1.112208507009149,-1.0626761937993705,2
1.1959506711087098,-1.2047143031625898,2
1.2370159168545534,-1.14150198373222,2
1.330874448406684,-1.2905463721518002,2
1.3631371814459166,-1.2133087167906957,2
1.219660124276872,-1.0907357919359906,2
1.1452637882727206,-1.3536472652836937,2
1.3527264807239603,-1.2765031363622805,2
1.3226952094751914,-1.3806277835533374,2
1.1639484862973015,-1.2354176548057174,2
1.0268901577244296,-1.3291764817000806,2
1.1650871833814964,-1.1185164928111524,2
1.2557980281199184,-1.1578965244617216,2
1.23099628093426,-1.2462068563480153,2
1.1602763260889273,-1.2111296523951518,2
1.1446054645452983,-1.207271383885227,2
1.2406661406329569,-1.1554597013347934,2
1.1867507501064531,-1.0985318540268363,2
1.0952552239957938,-1.2524678185111096,2
1.1637539044902012,-1.2945373412507484,2
1.1689342945845127,-1.3758327120432872,2
1.1649898197427555,-1.2513895107434074,2
1.1854057247471919,-1.291792161257956,2
1.139178396651404,-1.3390730575236758,2
1.2629863855414147,-1.1724333979597,2
1.1726721401738527,-1.2680480996787806,2
1.3837717204007143,-1.2395756756048792,2
1.0017160034048245,-1.21385422769096,2
1.0801703426447051,-1.1037491446243293,2
1.255156775363641,-1.31182574033151,2
1.1585349411934338,-1.219685904845416,2
1.3148296003671236,-1.4294321024828283,2
1.1302219163856877,-1.34458192567388,2
1.3257395479438057,-1.0967439618653905,2
1.140089678047889,-1.280168124432478,2
1.2989947259145793,-1.1835388927218529,2
1.141941665573374,-1.3178314533032325,2
1.1983717075469158,-1.288842414479883,2
1.0454043260206618,-1.2149967512909263,2
1.2093396616239598,-1.3257452592962204,2
1.2240307806878592,-1.280998700280993,2
1.0886941116699227,-1.3524412365275098,2
1.1562083588120513,-1.2767961836281836,2
1.1191610694323084,-1.3795539547588547,2
1.1256476486747786,-1.3148199194562478,2
1.1690507356511652,-1.1727848910890033,2
1.113753823724277,-1.2173697171938582,2
1.2267473628654815,-1.3255407013307572,2
1.1044592494304608,-1.1664008968596442,2
1.1851235815116878,-1.228273280587155,2
1.3738478436845727,-1.3275412036721188,2
1.0616811829525765,-1.5139553043415255,2
1.0778291401874918,-1.4041728223902166,2
1.1456338963520654,-1.3486878982504038,2
0.9895786539774085,-1.33642176062212,2
1.047466422903686,-1.4035921811117769,2
0.9973890677160523,-1.0411378665931845,2
1.1691163043622104,-1.1428586154913385,2
1.2164159494248517,-1.1007930460527593,2
0.9514737001380454,-1.2718918105072257,2
1.2112136015922446,-1.2600846004995523,2
0.9085350217053758,-1.3873979349927081,2
1.0900140784131582,-1.3548796270455288,2
1.3629460092136854,-1.331435410842988,2
1.1913893294833184,-1.1569823918288569,2
1.0978123877530335,-1.15229536725356,2
1.35719646994561,-1.3016767677194385,2
0.9931989547384955,-1.1468499399569732,2
1.2560279458958072,-1.0681701191018438,2
1.2440284845438305,-1.2833167955618257,2
1.0525755137358477,-1.2036115067145723,2
