2.4136768323112805,-0.47299315920712226,0
4.287840061205019,0.21395814465153865,0
5.36231532089107,-0.8037981796645531,0
6.650164857445651,-0.40002071096942415,0
5.4454251917663665,0.2762922490384118,0
4.550160800240117,1.3877937875021205,0
3.0063174551468457,0.40360916251188644,0
5.604140138114447,-0.3079126707843181,0
7.011306146417253,0.38919823097676576,0
4.832811405831744,0.27550659887518997,0
4.143308728409299,1.1944486460379353,0
1.9385315223244244,-0.006495877845105247,0
4.366960271407156,0.8478021323044368,0
5.689149989602377,0.2832480466102699,0
3.897676542378318,0.9499550029601972,0
3.7786799037093584,0.7308566074962315,0
5.151298890597969,1.0834431203690433,0
3.825991360987269,0.675597206326488,0
5.053770378304597,0.33649962996838734,0
5.617598801103027,-0.8738448574491988,0
3.773511041059193,-0.6549604875020888,0
4.916230388559203,0.3467721746882546,0
4.269856001280817,0.9388213181030426,0
4.204654941129068,0.11762917702176454,0
4.349659467289332,-0.8467539818928744,0
5.363257761826403,-0.02150208743320045,0
3.582842302328536,1.6453419417350812,0
4.511002909099118,-0.9972127524638816,0
3.3946701885555814,-0.7097046527823188,0
4.012340102892758,-0.0408649591322533,0
4.655713522926517,1.2293098195374084,0
3.434564975929146,-2.353801394795089,0
2.9965404488148843,1.3441990361438358,0
3.7211909761301887,0.862708929799126,0
3.295420796871323,-0.19142357700790413,0
2.0264544646811684,-1.224841492192985,0
5.246233154433019,1.4112021238362042,0
3.6564265639965843,0.7985147895548619,0
3.9432069053622203,0.11333519196344485,0
5.742260302764152,-0.18230629635100448,0
5.155963057076731,1.0400964205241552,0
5.0472880301273495,-0.24330244406838253,0
4.85489318208303,1.5039293515522556,0
5.563101239333982,1.3035334923672754,0
2.8484740415371648,0.11439240949022932,0
4.437789127894725,-1.1054032538142136,0
3.4044152969175414,-0.10341707199240807,0
7.522485314509009,-0.05274520706856359,0
3.173430253863409,0.6263478826976481,0
5.553709622601103,-0.5630369402938044,0
3.426433630951671,-0.9184051216873126,0
5.621608253643862,0.743327377082052,0
5.55642177822577,-1.4436900865640583,0
4.683417061577079,0.5495268681032588,0
5.4770885023730065,1.6116891970998872,0
4.401017508017485,0.35348872332295844,0
3.2381923999946967,-0.8473826941601088,0
5.438444565822632,-0.8005303597281288,0
5.34278799083563,2.087296154462938,0
3.534838115320489,0.5909067258497909,0
5.231166802382374,-0.24598179318423685,0
3.1168299527158707,0.25361510156093936,0
3.0914878999024467,1.1565110346049754,0
5.953854942206971,0.46966116107300354,0
5.526960192778284,1.4743804613094638,0
3.9739182387131744,0.7864241433371026,0
1.6860732326669843,1.5709882737139331,0
6.599875638870643,-2.85370868542751,0
5.3366566355282545,0.678466586498684,0
2.9717266769378043,-0.27100487809066465,0
3.362038875012485,0.01584642450886084,0
4.481086159440466,-0.760982460475939,0
3.9165489977712764,-0.49546256417171597,0
3.530939350691182,0.9885245776217233,0
4.451770604583854,1.4215372568700575,0
3.7155765829215652,-0.09995331991163081,0
3.515843464047132,1.6321596296356817,0
4.712528276649242,0.6598120357249994,0
4.6492303204369065,-0.14883579586799683,0
5.372494770319286,1.2794712801756947,0
3.7358313884013103,1.1591143387962703,0
3.783832618346173,-1.7006793534198057,0
4.2790598560904485,-0.13280461756727358,0
4.233512368590489,0.8252438052622764,0
4.1554670458043805,0.9053809898555915,0
5.222712589755201,-0.1999745787876659,0
3.6842409346558216,0.36717461625299813,0
3.1978593418383383,-0.5092821898681626,0
6.948977755203515,0.8039879979555844,0
4.86367929453383,2.622081200272553,0
4.4706203395973265,0.4370947766554338,0
3.5772889434028814,1.6376352602105264,0
4.156876562458859,-0.7348892364295533,0
5.654825278012578,-0.6541394339240357,0
5.0499137038347826,-0.47247851524871987,0
1.7833444727788756,0.5434120301608163,0
6.216183468551125,0.8397381877610619,0
7.11270666485463,0.7591601323245254,0
2.923361913929109,-0.4711575935217781,0
2.812496215600003,-0.4025723104093397,0
4.2791976268897916,0.510607567785345,0
5.232355382599115,-0.22573498818594367,0
5.454390326658345,0.11129556818392838,0
5.898530428035495,-0.9370587450002195,0
3.74811876857561,2.2003648942155216,0
5.50596115865564,1.4727802614010592,0
5.432012396064492,0.5807092804317541,0
2.7286021050069604,0.1559623460410745,0
3.794012403822843,0.240769765234859,0
4.867262123567868,-0.7573639373229321,0
6.6995793625678335,0.8337473205003031,0
5.008820266662114,1.3717360483673982,0
7.08254496636742,-0.05408548240142466,0
3.376929351287787,1.4920367234593195,0
1.919333343676176,1.8368892866707114,0
5.481086226593474,1.0024460550273728,0
4.859715674019192,0.40944757675554777,0
4.163246913594715,-0.13438038717491868,0
4.294235966085663,0.45262927972484535,0
3.4203425520216584,1.7795862639950668,0
3.8873726229722623,-0.28135162999498803,0
4.930289159493353,-1.2851175649886502,0
4.39971090733349,-1.5516421355516796,0
3.908169377343204,-0.3743770024857318,0
3.3190142698252534,0.2635726751070188,0
3.0943999074537603,0.09108572238202511,0
5.335701045735054,0.3439919541857385,0
4.6272825721269335,-0.1202989579969953,0
4.349938658969211,1.0652842004101843,0
3.122701727122333,-0.010109114265670655,0
4.696414820809617,0.07270802225060471,0
4.996128620285565,1.1944681893691655,0
4.770768219982319,0.2526216234193965,0
3.8031957141402417,0.4516386782857059,0
6.1843488092293155,1.5512012090701168,0
3.6391238498829255,-0.7082036941461527,0
4.103242586293099,-0.27225325218350693,0
4.202165632979777,1.3950655042972,0
4.9354946051491515,-1.9952880667132584,0
5.874521874646616,0.18875673993976513,0
5.647194752966843,0.8095389877774036,0
4.5461376404342175,-0.8916368878793859,0
2.8936385625065633,-0.797491500287274,0
5.5628125649925675,0.5498787701461176,0
5.315754467008305,-0.4411841746853662,0
4.127372268343658,-1.0237325729959197,0
4.4668603338022494,0.23333752103054356,0
4.3586648318977,-0.04378231752416556,0
3.6454593417307493,0.6926681085001163,0
6.741524259799274,0.8391290017426078,0
4.201448370264711,0.8197020342967504,0
2.712215288642488,0.35283751226951005,0
5.509081799440513,-0.4453914320660979,0
4.049044501634572,-0.5266860634689503,0
4.296314205693692,-0.0059750535592084375,0
5.771064333423438,-1.3160331044837414,0
4.373264129375624,0.42193343374704784,0
4.099848091205304,-0.8309793491265665,0
4.932144366835908,1.324808004572021,0
4.729665869877936,1.394490261080323,0
5.120177110042587,-2.331418137829361,0
3.5693969378944628,-0.4888524391704828,0
4.2450304918596435,0.6590934383113636,0
3.8954884302268917,0.4029651737467477,0
2.62862545902585,0.4532161473273633,0
3.0989327095515673,-0.038469457196758094,0
4.075422255317151,0.668012179852247,0
4.790499814275376,-0.2899524822102762,0
3.457348648752368,-0.524446227739262,0
2.975522209248756,0.6404608172307625,0
5.04460238393399,0.04722636069332738,0
5.169732994487739,-0.5307311539060453,0
4.2001285420389145,-0.37347485761492427,0
4.842380781515756,-0.22346493794305244,0
5.3596515304694545,2.6662153541665594,0
3.768284638606612,1.3717646696730734,0
4.797204895802913,0.6671077070742524,0
5.1512109093259015,1.4694165037297304,0
6.281188663566004,0.49406472710718385,0
4.747489441268389,0.18363893904266812,0
5.17124586092008,0.3023359310545308,0
4.770589512734691,1.5998193350923708,0
6.133972469910895,1.5652621861261544,0
3.2399547957155073,0.028558046370770418,0
5.720847303700708,1.223984363920226,0
5.729649384666853,-1.2361742416928339,0
5.184372528853237,1.5003695061279922,0
5.041348396186612,-0.5925885507469333,0
4.837579577331257,2.304517932917329,0
3.866452278949084,-0.3852031408184935,0
4.976421284015219,-0.36868233539793915,0
3.653692685224164,0.5538676117696495,0
3.397633209993849,-0.17284130302902667,0
4.2057052195721525,1.0387976236492835,0
5.281170832587911,0.17093325548804647,0
3.5955158977295563,1.7092867241887113,0
4.271482376250743,-1.7386223764710689,0
5.91621359227917,-0.6450340774921672,0
3.3525558546818734,0.43386491943730293,0
4.268220333295188,2.415850825114402,0
3.7175784357090707,0.19481996723589792,0
5.040665902809321,1.708624647092155,0
3.4075453749374205,2.2788652784976344,0
5.818196380285176,-0.49627824405088417,0
4.676315059492892,-0.7857543247112362,0
5.451211732559701,-0.7295314740864556,0
5.900088861969039,0.9999364762817474,0
3.777013032394593,-1.813480261095146,0
4.079530353975543,-1.6648299233785107,0
4.897348435268466,-1.5611423605834995,0
4.424505234940716,0.742421565658226,0
6.157863488929118,0.3794264745285313,0
5.002947779790772,-0.7218918279950131,0
4.0021877237499695,0.5385179278893412,0
5.240138821607438,-0.5559990949188067,0
4.569881055779474,-0.1151374027990893,0
3.2974279002628575,-0.9112391784196796,0
4.011223482317065,0.5943235478621229,0
4.9384908736499336,-0.11512634620970147,0
4.259438344113837,0.8720609918654103,0
2.873150923069593,-0.5245613307381121,0
5.319464079281055,-1.09107078431644,0
4.18071183291411,0.9637024808634704,0
4.601333284176964,-0.1297602440226714,0
6.045165786036053,0.4349448537149833,0
4.257021269560657,-1.2987744656068219,0
5.039764151166189,-0.26834524547393296,0
3.0565618129625616,-1.2263484749102336,0
4.638951538632647,0.2589017648633614,0
4.47803489770945,-1.571241152341566,0
5.500595698399467,-0.3983551980625214,0
6.343192029252151,0.027760150694506797,0
4.8364060465393335,-0.48231148863350437,0
5.610102148019708,1.948990363776079,0
3.5040916356393974,0.368024216048171,0
4.364353281294315,-0.6651449309809304,0
4.842356919024111,-1.7994604048287481,0
4.464320079910453,-0.5967923518049127,0
5.039317351850617,-0.33708665464451937,0
4.077797995669214,-1.1841529227111203,0
6.790486373061384,-1.1098417726449896,0
5.78597514243524,0.4010959244348151,0
4.096492256073269,-1.6934225946708594,0
3.3164509981693033,0.1448205633712934,0
5.316301376057098,-0.3914692732175722,0
3.2386827689229234,-0.12327120649883944,0
4.51185788916887,-1.1467340207565189,0
5.422217139295067,0.6761535879283069,0
5.253807772102594,0.44715346644859477,0
5.137501922621331,-0.43231513751799155,0
1.914051945729173,2.093899070474448,0
4.348821812908974,-0.021565309854139708,0
4.645864325449382,-0.011892574078408824,0
3.680361535828445,0.5771873498522442,0
3.342327197404713,0.462012854502673,0
4.669059498677349,0.8907979411251771,0
4.472720605478053,-0.8743390113933882,0
3.3262581604161676,0.156543842205979,0
3.269936870922625,1.4345073393690226,0
1.9735687047691086,-0.9661626709401963,0
3.6753177066672156,1.1319236156165422,0
4.045562915484682,2.21522924049128,0
4.771135691670126,0.9287226581386511,0
5.624277062838919,0.14966601315887407,0
2.2551979453762927,-0.5911550057543399,0
4.5445071441939735,-1.028902299155777,0
2.5940913690391114,0.9473383623896181,0
5.515957898554638,-2.327432257548553,0
2.819742954596971,1.1778722041872312,0
3.9823490579087144,-1.6947659527411756,0
4.701139523214991,0.9990920261585947,0
5.858248585101983,0.03156946011233197,0
4.417304493493875,0.2824708033260321,0
4.430400982979041,-0.4193268708734823,0
4.672801628211413,1.157402237287927,0
6.016216367743954,-0.895011867930039,0
3.8217221607329996,0.12728305261224596,0
4.631501533112004,0.5959904053894838,0
4.585241677235147,0.9355774210132463,0
5.001488804792558,-1.5630997614370687,0
4.40938301630202,1.4578803192525578,0
4.229486625985663,0.7446580211639466,0
3.8120920345359304,-1.179370022967454,0
5.224679939446007,0.05014782468246613,0
3.821743767649277,1.1870169632455483,0
4.336851144301116,-0.9974240937651322,0
3.3230480255339803,1.0106168834965796,0
3.9817620487670347,1.3443107365575788,0
5.268512972783631,0.5454810483393753,0
3.9683024269205527,-0.11442642941875991,0
5.583284737368256,0.259758506301481,0
4.04278946799721,-1.2093533119322468,0
3.8630120164809165,0.20901710554811842,0
4.851520304161431,0.08779784045598228,0
4.277115288435191,-1.0537520927791166,0
1.9947039391722634,0.08968933191658238,0
3.2071635710480404,0.203578723224191,0
4.737334607753689,1.8030056443074778,0
2.0786294548652116,3.4227022751821807,0
5.256233408651399,0.13289006872974118,0
4.553039864490049,-1.0240377982057591,0
4.687099989012868,-0.2748942996079413,0
4.343581740841598,-0.11763355692890254,0
4.026449311748521,0.6814151026062045,0
3.8934209091691416,-0.1018719543482346,0
6.247147725144173,-0.4812077976328415,0
4.1430287541521915,1.42154199167057,0
4.068222547091371,-1.2460092252753003,0
4.28936646580273,-0.20805943859426212,0
5.6017400794492485,-0.467343495700542,0
5.724990695232997,-0.6546269484671874,0
4.210385964547249,-0.4360610646197106,0
5.649033353248495,0.4346063430061463,0
4.519340376676612,1.272483300679472,0
4.291287273780677,0.22189080006390544,0
4.141789740899992,1.4774464542173762,0
3.3215043534210524,-0.7025417407610384,0
5.078719873483575,-1.3819907105461162,0
4.8602079613335025,-0.8902429188120826,0
3.929639917876848,0.6187686566501902,0
6.045796870697383,-0.27893505376510985,0
4.544436648546984,-1.2819134125487892,0
4.390762337788292,-0.9664460845249117,0
5.511498564842201,-0.14903185285788045,0
4.002238209436996,1.828859346820665,0
3.899687746242042,-0.8882538700678975,0
3.729479515987386,-0.8106600657587006,0
3.9453304347957743,0.28319903413526387,0
4.422639122922067,0.387625513957531,0
4.953483664742126,0.5822609508603906,0
4.47801503984861,0.9695746102469825,0
3.951414131019515,-0.6913958510215356,0
3.9390330685139876,-0.6422703845240038,0
4.260526004837603,1.2776781370615538,0
3.7745072416075005,-0.7592625123352836,0
3.2383047462187515,-0.6199282507123942,0
2.3027725358464437,0.7968597210825102,0
4.104994299642812,1.1950680939980598,0
3.955829778437147,-0.904136621703175,0
2.6985835529481994,0.29325733412121724,0
4.1558318669306145,-0.45463547796937587,0
4.743404051182693,1.5487193359631033,0
6.59309845730741,-2.3855785920918393,0
4.648839874725941,0.5731187726716249,0
3.47299777939959,-0.2991100781939129,0
4.578557310560202,-0.3236667420228476,0
5.624136387533518,1.4026263868796085,0
5.863884126284691,-0.6691226543507522,0
2.9586922065471817,1.2329352091779122,0
3.7652146385619134,0.8096849503303144,0
4.498386785372811,-1.3076997568158741,0
5.296862624235429,3.1057436993907226,0
3.9845237460741134,1.7038024021561682,0
4.4565589369887615,-1.5389474176613624,0
6.11547633496051,-1.5418202153800724,0
2.9499699076957615,-1.357486094908601,0
2.9577807486160532,0.6223230134832511,0
6.382399379087129,0.4557303280805509,0
3.9300204861013786,0.14799938272365679,0
5.055067161308826,0.6047242795451844,0
3.600317551660651,1.869910184106195,0
3.309828121434447,-1.636538133226937,0
4.973824745402705,0.18444224033689888,0
2.309752551476458,1.0141012522465411,0
3.507311558705723,-0.7598478563159426,0
4.314192687768872,2.69026207473434,0
6.068759935226681,0.44767036138198446,0
3.740353072133301,1.4607841036268439,0
3.902041052428177,-0.9673187811295869,0
3.738035959588708,0.08068045445577643,0
3.00454483674333,1.092892083276542,0
5.092444617218945,0.28216822802201097,0
6.210026107600327,-0.030687362229284698,0
5.24237801427426,0.5791920402246686,0
2.7476199071236564,-0.8233525565713717,0
1.7922325703680788,-0.10242925813613918,0
4.1534643623093555,-0.769896741594218,0
4.0486186039145275,-0.9613637109574553,0
3.8583403904344085,-0.8537345571830643,0
4.340143546851562,1.3759757751028734,0
4.731290686282444,-0.055241905579361456,0
5.284554369661071,-1.6414312072630224,0
4.722593277821126,-0.3246643190008867,0
3.494670466185776,0.48219142253537495,0
7.6754934991470165,0.8541019462294147,0
3.044349183965601,0.9935783031616728,0
4.771491489517632,0.4559355636712076,0
5.54983192305488,-0.6836267194033074,0
4.997996792008992,-1.1646883191315638,0
3.9870000167543256,0.4951371272942637,0
3.616528891063106,0.23779307918335596,0
1.5959199735771783,0.26061181187058857,0
3.7763728761175774,-0.3084275853451774,0
3.349150930327858,-0.6414649662537345,0
3.3473956283526562,0.9368419781418811,0
3.4224840984476876,0.49116991659963893,0
5.197560827030926,0.23549121974963338,0
3.4488062777778525,-0.7797534676644581,0
4.119733761900224,-0.4069493565822532,0
3.4359279627715926,1.0618584097108625,0
4.457419184609305,0.21390513645623976,0
4.457017815487383,0.7144335740586422,0
4.716300253230711,-0.029537542644653553,0
4.0740901828051195,-0.6232619712094598,0
4.108745920580105,0.2000756206268377,0
3.8004077950418695,2.1796581629934098,0
4.063315674291406,-0.31322119197193626,0
4.22280865504643,1.5352661210057559,0
4.368304708506732,-0.4089682247236175,0
5.232169398779742,1.0174797905686144,0
3.6852630698161195,0.594707911527846,0
3.056761390042687,1.823025560828448,0
5.070623093722322,-0.18431323196649368,0
4.524684839409364,0.46987769037765265,0
3.5767244277123598,-0.2040299659302538,0
5.330583073931134,0.1353826811904936,0
4.6979221722476066,0.8038966687600727,0
6.194127523185035,-0.9289769726929116,0
4.793856748401389,0.24912486060890435,0
3.7447506600475626,1.7322245981107185,0
5.714399688495392,-0.19973691894517592,0
5.842032664101032,-0.3319530015339577,0
3.926998869730766,0.6320269278876567,0
5.51906998460563,-0.4171567780360761,0
6.362363988991856,1.2270172386604163,0
5.519570364706449,-0.07316463923177216,0
5.549326016957494,1.1843557425943334,0
4.170223999632368,0.9260066803274709,0
2.9210480466687327,1.662580186188901,0
4.873413137022393,0.7312198057367776,0
4.51610882363098,1.7638284360548786,0
4.292561900013361,-1.1441133618913921,0
5.790574591748998,0.9462146493875158,0
2.088963141628333,1.1012875303159293,0
5.735078901537413,-0.05297611904925631,0
3.7062551720106645,-1.7886607189754973,0
4.232568222361818,-0.8333298947754655,0
4.329404234369169,0.079826613917909,0
4.719793434579653,1.394875398437621,0
3.292156642066608,-0.16066944587526455,0
5.475697400272637,1.5961041100032285,0
5.342066244403839,1.3117150007076817,0
4.867158646527384,0.21365665806220113,0
4.163039430782314,0.8982920183094693,0
2.6964268509197216,0.31177564816232994,0
3.713385043690645,0.31025495421315474,0
3.8367504341398146,1.3593526173768042,0
3.8230784749409765,1.0661242804907405,0
2.1682693176035017,0.923649109929483,0
4.728945731210133,0.750503561584924,0
5.522478482653781,-0.09763846490705735,0
5.224195276838813,0.11910189363612098,0
4.462133666580947,1.270738403730327,0
4.689580411061812,-0.9273775685248546,0
5.05007476499358,-0.4623026877087161,0
6.679777592648677,-1.2801464474090787,0
4.561931539776308,1.9948518131408775,0
4.758805169070686,-0.9891785537128881,0
3.580096538019885,1.9075374515754437,0
2.8844946603382273,-0.503095034341394,0
4.886211444803602,0.650905976206301,0
4.824159917352738,-0.6551820434130597,0
5.062462498755629,1.391741541210754,0
4.967190010210961,-1.367167126333414,0
5.535057197541462,0.003087794564249541,0
4.918115813704325,0.6920928085397912,0
3.3963809469970796,-0.05261504466665981,0
6.647339816928586,0.4915434882309099,0
4.3508815436095505,0.798153241979911,0
3.6287428030353754,2.779045608018457,0
4.024792041145769,2.3819357063110553,0
4.418647016919024,-0.7435179237607404,0
3.6561928034152715,-0.4112168018884267,0
5.355739618048693,1.8496076458550326,0
4.390141836975758,-1.2448846197328676,0
4.31404050833156,0.3458539033085201,0
4.17568207871231,1.551980836992899,0
4.08726046670997,-1.0868284730916364,0
3.018791335441171,0.947788414826137,0
5.692751654129988,-0.45009081356651837,0
4.3963812884628695,0.28946144081936237,0
4.565718449814808,-0.3818607282205134,0
4.75238468891156,-0.416647947637357,0
4.528855739002083,0.6087718046470854,0
1.9925341097755012,0.2918855941214471,0
5.280579801376468,-0.001942624034468654,0
4.866737292153307,-0.508361533985123,0
3.983955912950279,0.5200494450058954,0
3.8925888956122394,-0.2072560361847201,0
5.007377609400367,0.8926104233954654,0
5.591337043938147,-0.5148779387252971,0
3.770809131520754,0.7153524133646564,0
4.205446674749326,1.1772279373615673,0
1.9786623175282716,0.1634226618034488,0
4.505033674870714,-0.006868072143964704,0
3.9413686766753937,1.0182954631066912,0
2.784458440091273,0.6590627127989948,0
5.602507536284212,-0.17364350998675887,0
4.206172965343673,-0.47269864559738906,0
3.980925242819725,1.9186657033540189,0
3.4832555524986804,4.092399988211068,1
2.8478449812217415,5.518586690508578,1
2.028725046514604,3.8376275596612444,1
0.6915084531345042,3.9834885647613776,1
3.1159528866985435,5.297291425982509,1
1.5852452576865599,4.561135595194079,1
2.661359077694324,4.605607376924244,1
2.011044426551124,4.67558415085906,1
1.7520995363081413,3.458137126692543,1
1.4219327059848799,3.354928989816692,1
3.0431800736967984,5.001017109738814,1
-1.5959994562651665,5.0371062467712475,1
1.0938237882669026,6.043530571409901,1
0.945549637963518,3.3288263987680966,1
1.5636474422056967,3.998006508109072,1
2.1029991877214105,3.776827583539971,1
2.5165748273320148,6.35571591580916,1
2.1725416064293483,3.3628974349347978,1
0.6437031800440923,4.294747864422792,1
3.555774175541551,4.23201794257003,1
-0.04826923195434807,3.551604202651528,1
3.2558712566173416,2.5409089158708893,1
2.0192942542134844,3.3804733128613043,1
-0.25175451811491434,4.030329751598319,1
1.2688501636691394,4.505427904159279,1
0.9215004106955543,4.5646169638148155,1
1.8505022703941907,2.474934504294615,1
1.2057513139992095,3.548245267213007,1
0.40252989403515627,4.534874845313943,1
2.9249904734534953,3.6548233524937657,1
2.6640840189079533,3.8810918057632624,1
1.2027584324852203,3.2656727402337014,1
2.251414307587723,4.23575935591158,1
1.054323479616895,3.4647637344034163,1
3.429424002680836,4.751761255617541,1
1.9550830268917423,5.961693924877627,1
0.2788353095564511,4.942188420173252,1
1.3424160154168965,4.631626713723309,1
1.5670920633551442,4.54913953405576,1
0.6494177066020982,4.363963568699769,1
2.032857496178963,4.611649733121801,1
0.8944193766183907,2.5601307559231494,1
0.44657122607457045,6.6064058282962055,1
0.25331144325420896,3.7407928108187205,1
0.9210804877407704,4.4182128259419615,1
0.7048889406086648,2.8189434744222055,1
1.648872998268755,4.689578829560441,1
1.774161781039466,4.661731968527735,1
2.4749655021046406,3.8637867998372513,1
2.052223926020771,4.625952990945674,1
1.6660040648808976,3.709876491209142,1
0.9143880742388352,5.5245343464855985,1
1.2725192620521826,3.6717718364093437,1
1.382363819830102,2.842535823155668,1
1.3483390189098832,3.4736775765358328,1
-1.2246090139198786,3.344188401790445,1
1.725828879858015,2.827936631347249,1
-0.5286199672013332,3.449055068552336,1
0.8936560441885761,5.510084961021424,1
1.2187263135003847,4.345032547691316,1
-0.6345720254123504,2.07518723641249,1
0.13069597342031591,3.2091972659913566,1
2.3562730408249752,3.63754092679087,1
2.0346382653844772,3.4435649872855523,1
1.9256699740045302,3.7690275146846974,1
0.4379047410349941,3.3194598390159813,1
0.9673611266629553,4.011306176982347,1
2.778422020822342,5.120121739940675,1
1.5249050957845895,4.401061400542042,1
1.2478968908590695,4.858357123294378,1
1.0073207949084928,2.5840503377602664,1
2.24103371371547,3.472020955959361,1
1.1671113959017705,3.2418107967032315,1
1.7884484199006179,4.107615936044173,1
1.0951609793173172,3.468890777768799,1
2.254183936324049,3.7746710984625524,1
1.4390939780752552,5.048718470484919,1
1.6213230144988775,3.190425524233202,1
1.851849948720059,1.6287270709380297,1
1.8869373981444142,3.5767653129132024,1
2.2023623269815493,4.008476596587081,1
2.4241330112118002,3.027366047722533,1
2.5124112854949106,2.6862123707036005,1
1.7127160337390914,3.69177131605949,1
0.8993657703874476,2.7799515940114485,1
1.6536492500416853,3.8768570995012643,1
1.4949038302529416,4.413791359152312,1
1.1707132045093058,3.402615089390819,1
2.6054996545347726,2.953310030582715,1
0.3455114164375297,4.83126653749659,1
0.009849351388675709,3.597912808911663,1
2.6954510461678876,5.40695583516775,1
1.872915295718696,3.4903839746811736,1
0.8395325893018907,4.226715853041035,1
1.5678694483900357,4.108166957972255,1
0.8187132776428865,4.331670323232751,1
0.8929479500373233,4.608076910497395,1
2.0833280160493284,3.351984950791587,1
2.189349198553752,5.7094179453207055,1
2.574277799295165,5.173849556844905,1
1.2567667759804868,2.7338213142014167,1
0.9973040985948348,5.263440703858096,1
2.0870953393193306,4.642414811470724,1
2.382805521983161,3.286366230178234,1
4.78833310958445,3.3674191834780354,1
2.619854536278501,3.837599754142807,1
-0.7997410728292786,2.1973967999423585,1
1.6450077176122613,3.538650741136467,1
1.2368266070701064,4.630751322666374,1
1.3020967703917568,3.9683497553659497,1
0.6572156426712185,2.1215604526175444,1
2.1313855905233354,5.943318759171214,1
2.434561487410043,5.772599272652454,1
0.9691038189445045,4.4921510226235055,1
3.341676496958552,4.964595312995581,1
1.5685695650606706,3.4073187158102693,1
0.5544295431184016,3.281595518907568,1
0.5571180034116168,4.0629689370990985,1
0.41551766132051005,3.309866279286479,1
2.4379451747459004,3.6192389079662877,1
-0.39856051985980745,3.926492895035152,1
1.4328498911205099,3.7398508277784415,1
0.5486895556137414,3.688405153882912,1
1.46432381186523,3.7192218691645484,1
1.294796998140468,2.8374268082165384,1
0.6317279348708889,3.5141009338613562,1
-0.2584191610646216,2.3688079283923917,1
0.3428402683784537,3.77673608914053,1
3.082990704047438,4.062154420802867,1
0.9558985177177881,3.6702632777815754,1
0.9464197423745897,3.671380882732827,1
-0.8552685184574433,4.077829166050939,1
2.3049848179974743,4.726493770359297,1
0.3934543423040546,3.6120617469201397,1
-1.105729613234955,2.45238127221696,1
0.26034799608379044,3.0851666673259635,1
1.221189077537233,4.679344569139006,1
1.991600842553298,3.3640484305055,1
1.634573833252652,4.790552736852747,1
2.3063279497499614,4.695413276302472,1
1.0933597677195341,4.0043780682161625,1
0.8898438530075095,3.8152480703758256,1
0.9159354965780345,3.932178672998325,1
2.49227744729367,3.207245025070893,1
1.074903596132312,4.49608491323103,1
1.7337381747819143,4.822556260996037,1
0.17990924091152083,3.202072288194506,1
1.7041699799248835,4.441725992116261,1
1.1104903053046282,5.845026059448159,1
1.1722926438836752,3.614987934504663,1
0.3965056813543226,3.966014944817698,1
0.43888885876354644,5.294958980678935,1
1.6304894294149672,4.727316662764102,1
2.2111336355514557,4.748295741525207,1
0.6069088192983337,5.750483254747298,1
2.9762031928822195,4.253353903363385,1
1.1570528536891342,1.5382952334107407,1
-0.7239657929390328,3.6276693959148263,1
-0.45125136507625085,2.763186124498409,1
1.1772470588377697,1.9429932943592645,1
2.059423608185626,4.029828087642696,1
1.9561716365123674,4.465020408848235,1
1.0442845110723047,5.23290063191296,1
1.4083165981461105,3.728839285633732,1
1.2201878039712821,4.078428305100943,1
3.1229099473024027,2.308143087125546,1
2.3875036482328498,3.594900232355736,1
2.456364397395128,3.2345361941831845,1
2.1029569788088756,2.800896683758232,1
1.8173782869828017,4.78133593492924,1
0.809860963107492,4.180279516771624,1
1.4668023803451962,6.135941115209724,1
0.11307118827255902,4.968664336584882,1
2.6089750166424492,3.4102323025362384,1
3.107403137636479,3.8127923399675026,1
2.63423630265243,5.461550409108991,1
0.4811886675784096,4.995576964852177,1
2.7022120676929022,4.99838471481272,1
-0.07837216274632652,5.953293037294155,1
0.7644785348188293,3.880496154455541,1
1.6066329548455551,4.005750686289944,1
1.5713373267674926,3.934883963427162,1
2.0616752032192265,2.682858414914483,1
1.4295407232734392,4.073027980884382,1
-0.09818482594805689,3.5635441933974916,1
0.887358080678436,5.160424081440839,1
0.5473885870989511,2.773868281880047,1
0.20377263645263644,5.087882839182687,1
2.9523307155684395,4.018803880160247,1
0.19519895537592635,5.121411070067826,1
0.20648410453098998,3.597241569931425,1
1.7633268433859697,3.9173058797806233,1
3.866758061997377,3.554442774818424,1
2.1071992007455758,3.6783261014849056,1
1.6905968598208008,3.903303613414315,1
2.4712751180043218,4.508268959602905,1
0.740784444203001,2.8975746367302557,1
2.6337614865851577,3.244075437269163,1
2.7940805573794245,3.9027391920622643,1
-0.03638662232818568,3.5569651895571246,1
1.7058970535888343,4.706645974946615,1
2.803522277426177,3.712512599509124,1
2.0820767123613315,4.890368521453564,1
0.907760000383845,2.652048044415599,1
0.7486704347639542,1.57041005025299,1
3.023590563595022,3.755238201695966,1
2.0375989464478215,3.6034948450801427,1
-2.013125105629209,3.6842696171635336,1
0.27266067278673534,3.7120105739663605,1
2.425128052064549,6.134813005065381,1
0.052467087956165726,3.1163636237444114,1
1.9647552289408565,4.2472285417152085,1
2.067764501234151,5.936489800189018,1
-0.04080604581460179,3.4349981721675547,1
1.7083889113910569,4.687835340194106,1
2.7564795129777506,4.1683843488453345,1
0.9461044228243157,4.044029637494983,1
0.9061843795290875,5.118087334231258,1
1.394066322425413,2.9978603656885046,1
1.8614891990007583,6.134286216745444,1
0.25940621390033347,4.510104563190536,1
0.8166527862857987,4.1569214270508335,1
1.4052224101865782,4.380091628934801,1
-0.14453237434177457,4.089748903089984,1
-0.8373547899642273,2.5640186187532024,1
1.0985449201794033,4.68697495469017,1
1.7318479665749456,4.393572351791002,1
1.3882143202124249,5.474141082654734,1
2.296907086228331,3.2642407749974227,1
-1.9402169070724833,3.9467365145724678,1
1.2362242937654986,2.479304329455636,1
0.8512608333060485,5.597531809028853,1
2.06752476043541,3.0904036660207543,1
1.7281570637437476,5.243015504139214,1
3.4262898075428856,3.8981080921531692,1
3.667701897456802,4.889611553572901,1
1.4004357811574857,5.437387203294895,1
1.7377543713794086,5.319047636477311,1
1.934264237691312,4.741453955647203,1
1.1536781410974226,3.0304150656881275,1
2.419196138680129,5.091818391441736,1
2.9101343646242093,3.371360090440932,1
3.092329511800635,4.391709166607946,1
2.4675959277858155,2.6341059096626216,1
0.9579208448202268,2.9415764224910568,1
1.8472956852177778,4.6331229891125405,1
0.6836299957313825,4.699859758408314,1
3.3158615522672084,5.222727452307494,1
1.0314341221541459,2.79002386976999,1
-0.20221468640423157,5.722000436062297,1
0.40051707600465103,5.774480268756564,1
2.5077502525539854,4.611830225863228,1
1.6809959082728458,4.225260209835201,1
1.63923485420217,3.490291279444272,1
1.9694344002702733,4.959527580822451,1
1.7006754285511259,4.089439902567448,1
3.003720839714566,4.127721843383244,1
1.3054155700827397,1.7167248150202994,1
2.1370602832859245,3.8862455799210105,1
1.6282724868961749,1.8852562068954564,1
-0.10933759154230249,4.593408260609658,1
1.9193471470982286,2.638853882280328,1
0.9264601212696301,5.077165259058861,1
3.5079933695221945,4.78699133724261,1
0.9256565213086728,4.99254534592078,1
0.9286757335972128,5.329199674590147,1
1.261477146348451,2.5479814586106717,1
2.8008380884217736,5.582981609030928,1
2.6926349404405783,3.3847811351050803,1
0.7762860745498765,3.2965568645062833,1
1.053873337761878,2.81669203472923,1
0.4210840127132973,4.594110810696968,1
0.5052042101590178,4.551984154432793,1
2.1285026531226423,4.21791560450449,1
0.47256643672589016,4.253649373376516,1
3.7040676393560124,4.182601410348158,1
2.4231663523710623,2.4044273640465974,1
1.827114998047451,2.919335629608781,1
1.3030457824622663,5.609666419825551,1
1.498945894477096,3.9369420642091772,1
2.0925833211045037,4.385477825518075,1
3.0719949496838383,4.356817012053774,1
0.19886013825077442,5.221397336036539,1
1.553883218752331,4.879895752960326,1
0.35651246743859244,6.606108142952439,1
1.6777863534519755,5.273704713927858,1
2.6003618776812667,5.344201535753896,1
1.3349482683499887,5.3360722595392645,1
1.6196015416107155,4.918228055244122,1
2.1419276217704546,2.6256381472815606,1
0.12598252185587944,3.179432600284949,1
0.816466354286889,4.741104093906535,1
2.625538801235124,4.311821431220285,1
0.07105960566412128,3.363258607158059,1
1.7129786908146074,5.046682660498605,1
0.31873909176502013,5.107670230217937,1
0.03248794370682573,4.725040240931229,1
1.9734409261502686,2.7098953098625227,1
1.5901959320493946,3.916899445908798,1
3.699299346933607,1.9992516936842248,1
1.287419400132056,4.902992215755164,1
0.14542500005099357,4.49289845723367,1
2.4217731453953206,5.440449157446169,1
4.06724910987965,4.746559681764619,1
1.5890365761752654,2.4887992268486654,1
0.711520196039756,2.9698908686199084,1
-0.2854467241478309,5.20959908423501,1
1.6897171771766442,4.162187401712179,1
0.17258705605778735,3.247794941060397,1
3.98395292670346,2.7841324203158537,1
2.1956772007073875,4.0265072302535465,1
2.9117280112574733,3.909995982526785,1
-0.30729743971068646,4.511104830283032,1
1.1977525426674136,2.1174423359611696,1
2.423665448294381,3.636255222616929,1
3.0710060816587266,3.799276657893095,1
-0.25578418190103647,3.818084959671272,1
1.2325719970111388,5.444222910870549,1
1.7542181153908292,3.5368875370516686,1
2.1943654627209743,4.166291407746451,1
0.480735653872961,3.0175783242824745,1
0.87238331668934,3.1107814407159493,1
1.7760558322005597,1.9777743729276467,1
-0.22256642410664096,3.192484836469832,1
2.1202496009621257,3.0590173665266414,1
2.1190417187783654,4.771042684123029,1
0.9774438833697233,4.631303111516333,1
1.4605309641237596,4.425143338481148,1
1.102035394828161,3.2088386771381106,1
1.5733726445789942,2.054496560458012,1
1.3501299558083792,3.861389012881181,1
2.4266800352149156,3.6012417403357078,1
0.8399926486818906,4.276410091406723,1
1.4000760781135864,3.4030214450902134,1
3.26186850531428,3.359272883120531,1
1.5171942591291465,3.4333784229149185,1
2.2727409423683067,6.212131218251205,1
1.8297569435054029,4.04260885915392,1
2.737242868820461,2.027845165347702,1
3.286539369326259,3.1101618526810935,1
2.8495560488967477,3.42844147994855,1
1.0858461615705672,4.349052063477502,1
0.2741493719763457,5.521417660736364,1
0.5536429821127868,4.467764969882766,1
1.2825504030401909,5.0536991712669685,1
0.4166245644388744,5.567292747172511,1
2.6093440031288777,4.456977757773725,1
1.0833242856742311,4.607858728408296,1
0.6524784036220661,4.502035082919409,1
0.19144922267052222,3.0408883340219326,1
1.5272242615643246,4.599439516828604,1
2.0593947572988727,4.156162208716834,1
2.4468420821483865,4.881948344574727,1
1.1495011611529542,4.348586396649224,1
-0.022259393533615945,3.7505160033623555,1
2.117395347077644,2.9067474193085285,1
-1.171184310535446,4.172838458044941,1
1.9662187739722643,4.2911665929216865,1
1.8241114964023901,4.249355206386748,1
1.0518496083272044,5.328639442415369,1
1.240528866198079,3.931295106385001,1
2.284545748995826,3.0764261742204795,1
2.415933475807134,4.401837096961074,1
0.727529091346465,4.067256312170536,1
1.4120418259571073,4.276134525484386,1
0.5638889114097462,5.017670241725684,1
2.3292467551761016,3.8911734590404365,1
2.243676283563098,4.376678323587958,1
1.7243999339148726,4.828444036865917,1
1.021783010000807,4.298537784312504,1
0.9067884468169208,4.5782818809403905,1
1.1222310178210115,2.5334071005109786,1
-0.027648096902485708,3.6971312385182182,1
1.1524557289229826,4.256936068871181,1
2.3202916121973547,3.979520743243956,1
-0.7726485311620332,4.0435211221823595,1
-0.16096796577934236,5.680678328508396,1
0.21437244596903793,3.6533071306986002,1
1.4118343075033062,3.974657948214654,1
0.5469116364082436,4.763826092602106,1
0.6277577615834059,3.150335022686362,1
2.745268649175004,6.438535695433751,1
0.16820731980872816,5.696364199168949,1
-1.5159604879528064,3.6188034247548604,1
3.2278677848202593,4.128945629446375,1
2.3510157655359154,2.5322060902713317,1
2.832075853726481,5.32596501313656,1
2.1819274305787655,2.450926105699806,1
2.325541740640202,3.8305525645369163,1
0.9997392409922734,3.3030990413753476,1
2.0214256167935893,4.455747939206952,1
0.8883752054149461,2.9486225949130427,1
1.5285205635598749,3.6871455050195494,1
0.24157200604805062,4.340365508273599,1
0.20672169598929235,3.9476813788049103,1
2.7980382808781377,5.230735901091063,1
1.0704788044795628,4.984193418573687,1
2.3939445530011394,3.0943745631152457,1
1.2049883196175255,4.222358171255545,1
2.190752189708096,3.990581101698,1
1.3300561682197376,5.37083852534719,1
1.192900131329879,4.434319124214734,1
0.007474685328592745,3.625144433464964,1
0.7274730896646122,4.9900012290030045,1
2.3084769950574686,4.064395352740168,1
-0.7413022755379393,4.151627149712728,1
1.3790043412854185,4.572042099214935,1
1.7104354876967733,4.397245967260242,1
1.2799206676327766,2.8167576636252036,1
0.6579060463541903,4.731858436564292,1
0.7942349263019254,4.674217586627265,1
1.9081163519425264,3.5787959962534703,1
0.5014757581144138,4.462897122924157,1
1.9152971204757423,4.004554342989937,1
3.4988699440232907,5.061015736177817,1
0.5033061202674532,3.0263417384791538,1
0.9817138402000585,4.002720092962733,1
1.4886816092936903,1.6513823629483455,1
3.0231951604510545,5.155932590005603,1
0.9549394986692175,2.0448051092660267,1
2.07192316181285,3.498341209577448,1
1.4088199548258744,4.714394238377887,1
0.9485205168226201,3.7949063156492597,1
2.7548891865081737,3.2705138058911785,1
1.463543609917725,5.032962945998843,1
2.346322883189445,4.992620488037426,1
2.4563406291709438,4.187044627357634,1
2.1926895665955772,3.8891326423581116,1
2.789512696023878,3.668261476461499,1
2.447141467797872,4.588682393780903,1
2.3511828947809743,4.031070319063352,1
2.7878738913988776,4.114712179885405,1
1.6176232922358138,6.34928984634745,1
0.2749121701075634,3.532807826149978,1
2.245132053119498,5.639533370145293,1
0.9199476774397698,5.592962224021685,1
2.376909557078821,5.175144215914216,1
2.9542413084557264,4.7208888519154835,1
1.0081526668482848,3.3562884035989926,1
1.3354336316290922,4.96783583715526,1
1.3845633321236086,3.837925703328898,1
1.7521292688128767,4.052413203808634,1
-1.025343368418524,3.7990224899703575,1
0.8126645299761684,3.0387865063259185,1
1.8573670695364144,3.27927834944938,1
0.9218940496336901,3.8587719922142685,1
2.5267713146080326,3.939199203982284,1
1.6426130928894729,5.180589732448421,1
1.8229777079067055,3.025136648642865,1
0.5788923104771165,5.0531382188481055,1
0.6250146910326821,2.813349301315822,1
4.192768412061142,5.147902753937096,1
1.9468852085014738,3.741309123879394,1
3.8401093820277534,4.028552701388476,1
1.4448581874793383,3.9292804498052205,1
1.827367018366994,3.8137462383850607,1
1.6410011201668704,3.166030659064039,1
2.885986141310463,4.42104108200155,1
1.7834015173827888,3.9706009395719204,1
0.4259614477802576,3.5937763452442812,1
1.1288681735930615,4.324955193671878,1
2.2682257035434965,3.6819813968130473,1
1.8693895595965921,5.8766937005125115,1
1.6379912122724463,3.3657017044357094,1
2.9773959581152947,4.136213296156361,1
0.18237213636923788,2.7591279654692435,1
0.8046396523510179,5.076988457975865,1
2.0853866261755694,2.8832485453967234,1
2.52820769058433,4.107531438412785,1
2.260171290501896,6.721283366715429,1
2.0455422238974053,3.2787483519846834,1
0.8266124604356521,4.762205310003222,1
1.0189532176147282,4.09766425163422,1
0.6105244483293297,4.083016751770656,1
1.1471244002245733,6.265286022172072,1
0.13943779636532594,3.358858116340763,1
1.3249489426411871,2.6639470116143165,1
1.5148169721599265,3.57665352442349,1
2.725849147649811,3.851665016334934,1
1.0536122737798752,3.9894923698873317,1
0.2923284961417234,3.526618555749744,1
2.202126435163682,2.1504378368519657,1
2.0244031982538018,3.7344388603815757,1
0.339586861311753,5.592379715205993,1
1.4847909268222965,4.714742155208704,1
1.9262553850095814,4.967728912130522,1
1.0909907942643045,5.002032652226917,1
2.477962456010263,4.0937915253996096,1
-0.36119891954519345,3.507892647043987,1
3.852637517616712,3.954055353681953,1
2.2581743630537994,3.7819994899814486,1
2.1759437757261364,3.6099842437393326,1
3.8181217810517287,3.792109494971368,1
0.33937189242147725,4.522519040380288,1
3.149920015068866,3.291267441295232,1
2.1189339368867572,3.4838529509078398,1
0.05500466774224799,3.031300662419541,1
0.5144949348393626,6.114412832821869,1
2.142121673831041,5.047662366762976,1
1.0826660444540972,6.515731476556018,1